143
164
177
178
182
199
144
137
119
62
57
43
41
41
34
37
47
70
85
15
12
8
46
53
55
70
96
97
110
112
114
101
101
101
101
101
88
85
84
51
50
48
22
40
59
29
41
7
44
58
57
122
122
120
45
36
0
4
65
65
27
91
101
106
145
160
124
60
66
79
16
87
109
98
98
16
51
50
42
41
45
0
13
23
99
98
98
16
63
68
56
213
18
22
23
99
98
98
16
59
58
48
44
8
13
23
99
98
98
16
50
49
43
42
41
205
72
69
16
23
99
98
98
16
43
42
38
25
198
65
64
9
23
99
98
98
16
67
61
58
57
66
54
2
37
99
99
80
149
160
123
118
71
89
91
104
117
115
169
175
179
197
178
115
99
97
100
104
106
93
85
79
74
72
41
64
71
82
74
40
18
23
43
178
183
20
85
134
166
171
225
20
6
19
35
234
229
75
106
62
13
139
139
20
6
